>>第1个box
[[ 4 15 13 10  7  0 14  9  8  3  1 12  2  5 11  6]
 [ 8  1  7  4 14 11 13  2  3 10 12 15  5  0  6  9]
 [ 3  0 14 13  9 10  4  7  5 12  8 11 15  6  2  1]
 [14 11  4  8  7 13  2  1  0  5 15  6  9  3 12 10]]
>>第2个box
[[11  1  2  8 14 13  7  4  6 12 15  5  9  3  0 10]
 [14  7 13  4  1  2 11  8  0  9  6 10 15  5 12  3]
 [ 4 15 11  1  7  2 13  8 10  5  0 14 12  9  6  3]
 [ 2  4 14 11  8  7  1 13  9 10  3  0  5 12 15  6]]
>>第3个box
[[ 3 12  9 15 10  1  5  6  8  7 14  0  4 13  2 11]
 [ 4 15  2  9  7 10 14  5 13  0 11 12  8  3  1  6]
 [ 6  9  5  3  0 10 11 12  1 14  2 13 15  4  8  7]
 [ 3  4  9 14 10  7  0 11  6 13 12  2  5  8 15  1]]
>>第4个box
[[12  2  6  1  3 13  5  8  9 14  0 11 10  7 15  4]
 [15  8  5  2  9  4  3 14  0 13 10  7 12  1  6 11]
 [ 6  1  3 13  5  8 12  2 15  4 10  7  9 14  0 11]
 [ 3  4  8 14 15  2  5  9 12  1  7 13  0 11 10  6]]
>>第5个box
[[10  3  9  0  5 12  6 15  7  8  4 14 11  2 13  1]
 [ 9 10  3 15  6  1  5 12  4 13 14  0  8  7  2 11]
 [ 0 10 15  3  9  6  5 12 14  1  8  4  2 13 11  7]
 [ 5  3  9 12  0 15 10  6  8  4  7 11 14  2  1 13]]
>>第6个box
[[ 9  2  6 15  3  4 12  1  0 11 10  5 13 14  7  8]
 [ 0  9 10  3 13 14  7  4  6  5 15 12  1  2  8 11]
 [ 2  9  1 10 12  3 15  4 14  5 13  6  7  0  8 11]
 [ 9 14  7 13 10  4  0  3  5  8  2  1 12 15 11  6]]
>>第7个box
[[ 5  0  9 14 15  3  6 13 12 11  7  2 10  4  1  8]
 [14  3  2  4  5 15  9 10  0  6 11  8 12  1  7 13]
 [11 12  6  9  0 10  5  3  7  2  8 15 13  1 14  4]
 [ 4 15  9  2  3 12 14  5 13  8  6  1 10  7  0 11]]
>>第8个box
[[15 12  4  7  9 10  2  1  6  3 13 14  0  5 11  8]
 [10  3  9 12  5  0 15  6  1  8  4  7 11 14  2 13]
 [ 2  7  1 10 12  9 15  4  5  0 11 13  6  3  8 14]
 [ 5 12 10 15  3  6  0  9 14 11  1  2 13  8  7  4]]
检测结果
[True, True, True, True, True, True, True, True]
