>>第1个box
[[10  7 12 11  6  1  3 14  9  2  5  8 15  4  0 13]
 [ 3 13 15  8  9 14 10  4  0 11  6  1  5  2 12  7]
 [ 4  9  7  0  8 15 14  3  2 12 11  5  1 10 13  6]
 [ 8  6  4 15 14  3  7  9 11  0 13 10  2  5  1 12]]
>>第2个box
[[ 4 15  2  9  1 12 11  0  7 10 14  5 13  3  8  6]
 [ 3  4 15  2 10  9  5 14 13  7  8 11  1 12  6  0]
 [ 2 12  1 15 11  0  4  9 14  5  7 10  8  6 13  3]
 [ 9  3  4  8  7 14 10  5  2 12 13  6 11  0  1 15]]
>>第3个box
[[ 1  4  6 10  8  7 15  9 14  2  3 12 13 11  0  5]
 [ 7 10 13  6 11  0  2 15  4  9  8  5  1 12 14  3]
 [10  7 15  4  6 13  9 14  0 11 12  1  3  8  5  2]
 [ 0 13  3  8  5 14 12  1 10  7  6 11 15  2  9  4]]
>>第4个box
[[ 1  7  6 12 15  9 10  0  4  2 13 11  8 14  3  5]
 [ 2  4 15  9  8 14  1  7 13 11 10  5  3  0  6 12]
 [ 7 10 12  3  9  4  0 15 14  1 11  6  2 13  5  8]
 [14  3  9 15  2  8  7  4 11 13  0 10  5  6 12  1]]
>>第5个box
[[15  9  1  4  6 10  8  3 12  0  2  7 11 13  5 14]
 [ 0  6  7  1  9 15 14  8  5  3 12 10  2  4 11 13]
 [ 6 15 13 10  8  1  3  4  0  5  7 12 14 11  9  2]
 [ 3  5  0  6 14  8 13 11 15 12 10  9  1  2  4  7]]
>>第6个box
[[ 0 13  3 14 15  8 12  2  5 11  9  4  6  1 10  7]
 [ 7 11 13  0  1  6 10 12 14  5  3  9  8 15  4  2]
 [13  0 14  3  8  5  2  9 11 12  4 15  1  6  7 10]
 [ 1  6  7 10 11 12 13  0  2 15  8  5  4  3 14  9]]
>>第7个box
[[12  3 10  5 15  9  6  0  7  8  4  2  1 14 11 13]
 [ 3  5  9  6 12  0 10 15 13 14  7  8  2 11  1  4]
 [ 5 15  3  0 10 12  9  6  2  1 13 11  4  7 14  8]
 [15  0 12  9  6 10  3  5  1 11  2  7  8 13  4 14]]
>>第8个box
[[ 0 11  5  2  9  7 10  4 15  8  6 13  3 14 12  1]
 [ 9  2 15  4  0 13 12  1  6 11  5 14 10  7  3  8]
 [11  0  2  9  7 12 13 10  4  3  8  6 14  5  1 15]
 [ 2  5  8 15 13 10  7 12  1  6 11  0  4  9 14  3]]
检测结果
[True, True, True, True, True, True, True, True]
