>>第1个box
[[ 9  2 12  5  6 15  3  8 10  1  7 11 13  4  0 14]
 [ 7  9 11  2 13  4  0 14 12 15  1  8 10  3  6  5]
 [ 6 13  9 10  3  0 12  7  5 14  2  1  8 11 15  4]
 [ 8  4  2  1 14 11  7 13 15  3 12  6  5  0  9 10]]
>>第2个box
[[ 4 15 11  6  1 10  8  5 13  3 14  0  2 12  7  9]
 [ 8  5 13  0 14  9  7 10  1 15  4  3 11  6  2 12]
 [ 9  4  6  8 10 13 15  2  3 14  5 11 12  1  0  7]
 [15  2  0  7  3  4 10 13  6  8  9 14  5 11 12  1]]
>>第3个box
[[ 8  1  4 11 13  7  2 14  5 12 10  6  3  0 15  9]
 [ 4  8 14 13  2  1  7 11  9  5  3  0 15  6 10 12]
 [14 13  7  4  0 10  9  3 11  2  1  8  6  5 12 15]
 [ 7  2  1  8 11  4 14 13  0 15 12  3  5 10  9  6]]
>>第4个box
[[ 5  2  3 12  0  7 15  9 11 13  8  6 14  1  4 10]
 [ 6  8  9  3 10  4 12 15  1 14  2  5 13 11  7  0]
 [ 2  5 12  9  7  0  1 14 13 10  6  3  8 15 11  4]
 [12 15 10  4  9  3  6  8  2  5  1 14  7  0 13 11]]
>>第5个box
[[15  1  9  4  5 11 12  2 10 13  0  7  3 14  6  8]
 [ 6 13  0 14  3  8  9  4 12  1 15  2 10  7  5 11]
 [ 8 15  7 10  2  5  1 12  4  3 11  0 14  9 13  6]
 [13  3 11  0  8  6  7  9  1 15  2 12  4 10 14  5]]
>>第6个box
[[14 11  9  4  2  7  5  8  1 13 15 10 12  0  6  3]
 [13  2 14 11  8  1  3  4 10  7  5  0  6 12 15  9]
 [ 8  4  7  2 13 14 11  1  6  3 12  5 10  9  0 15]
 [ 7  1 11  8 14  4  0 13  9 10  2 15  5  3 12  6]]
>>第7个box
[[ 3  6  0 11 14 13  5  8 10  1 12  2  7  4  9 15]
 [ 6 13  3 14  5 11 10  1 15  8  9  4  0  7 12  2]
 [14  0 11 12  8  6  2  5  1 15  7  9 13 10  4  3]
 [13  3  4  9 11  5  7 10  8  6  2 15 14  0  1 12]]
>>第8个box
[[ 2  5 12 10  1 15  7  9 13 14  0  3  6  8 11  4]
 [15  3  6  5 12  9  0 10  2  8 13 14 11  4  7  1]
 [ 7 10  2  9  8  5  1 15 14  0 11 12 13  6  4  3]
 [10  6  9  0  3 12 15  5  1 13 14  7  4 11  2  8]]
>>第9个box
[[ 1  7 11 13  4  8  2 14 10  9  5  6  3 15 12  0]
 [11  8 14  7  2  1 13  4  6 15  9 12  5 10  0  3]
 [ 4 13  7 11  1 14  8  2 15  3 10  0  6  9  5 12]
 [ 2  1  8  4 14 13 11  7  5 12 15  9  0  3  6 10]]
>>第10个box
[[ 8  5  2 12 15  0  1 11  4  3  7 10  9  6 14 13]
 [ 1 14 12  9 10  5  7  2 13  4  0  3  6 15 11  8]
 [ 2 11 15  0  5 12  8  7 14 13  9  6  3 10  4  1]
 [14 13  9  7  3 10  4  1  2 11  5  0 15 12  8  6]]
>>第11个box
[[ 7  1  8 11  2 13  4 14  0 10  6 12 15  3  9  5]
 [14  8  2 13  4 11  7  1  9 15  5  6  3  0 12 10]
 [ 1  4 14  2 11  7  8 13 12  3  9  5  0 10 15  6]
 [ 4  2 11 14  1  8 13  7  3  5 12  9  6 15 10  0]]
>>第12个box
[[ 9 10  0 15  3 12  6  5  7  4 11  1 14  2 13  8]
 [15  5 12  3  9  6  0 10  1 11  2 14  4  8  7 13]
 [ 5  9 15 10 12  0  3  6 11 14  4  7  2 13  8  1]
 [ 3 12 10  6 15  5  9  0  4  2  1 13  8 11 14  7]]
>>第13个box
[[ 3  8 15  6 10 13  4  1 14  2  5 12  0 11  9  7]
 [12  6 10  1  0 11  3 13  2  8  9  7  5 14 15  4]
 [13  4  8 15  6  3  1 10 11 14  2  5 12  0  7  9]
 [ 1 15  7 10 11 12 13  6  8  5 14  0  2  9  4  3]]
>>第14个box
[[ 9 14 10 13 15  0  4  3  7  8 12  6  1 11  2  5]
 [ 7  8  1  6 12 11  2  5  0  3 10 13 15  4  9 14]
 [14  9  0  7  5 10  3  4  8 15  6 12 11  1 13  2]
 [ 4 15 14  1 11 12 13  2  3  0  5 10  8  7  6  9]]
>>第15个box
[[ 2 11  9  4  5 14 15  1 13  0  3 10  8  7  6 12]
 [ 5  6  0  9 15  3 10 12 11 13 14  4  2  8  1  7]
 [ 7  8 12  3 10  4  0 14  1 15  6  9 13  2 11  5]
 [ 0  3 15 12  6 10  9  5 14  8  1  7 11 13  4  2]]
>>第16个box
[[ 8  3 14  9  4 15 13  6  1 10 11  5  2 12  7  0]
 [13 14 11  7  2  8  4  1  6  0  5  9 15  3 10 12]
 [14  9  4  3 13  6  8 15  2 12  7  0  1 10 11  5]
 [ 4  2  7 13 11  1 14  8 15  9  0 10 12  6  5  3]]
>>第17个box
[[ 2  5  8 15  4  3 14  9 12  6  7  0 11 13  1 10]
 [ 9  6  5 12 15 10  3  0  2  8 14 11  1  7  4 13]
 [ 8  3  2  9 14  5  4 15 11  0  1 12  7 10 13  6]
 [ 3 10  9  5  0  6 15 12 14  7  4  2 13  1  8 11]]
>>第18个box
[[12  2  5  9 11  7  0 14 15  4  6  3  1  8 10 13]
 [11  4  2 14  1  8  7 13  0 15  5  9 10  3 12  6]
 [ 5  9  0 12 14  2 11  7  8  3 15  6  4 13  1 10]
 [ 8  7 14  1  2 11 13  4  5 10  9 12 15  0  6  3]]
>>第19个box
[[ 3  8 12  7  0 13  9 14  6  1 15  2  5 11 10  4]
 [ 0 13 15  8  9 14  6  1 10  7  3  4 12  2  5 11]
 [ 8  6  7 10 14  0  4  9  1 15  2  5 11 12 13  3]
 [14  0  1  6  4  9 13 10  7 12  8  3  2 15 11  5]]
>>第20个box
[[ 1 10 13  7 14  0 11 12 15  3  4  8  9  6  2  5]
 [12 15  6 10  9  3  5  0  2  4 11  1  7 13  8 14]
 [13  4  1 11  8 14  7  2  0  9 10  5  6  3 12 15]
 [ 0  3 15 12  6  9 10  5 11 14  1  2 13  4  7  8]]
>>第21个box
[[ 0 11  9 12 14  7  5  2 13  6  3 10  4  1  8 15]
 [13 14  4  3 11  0  2  9  6  1 15 12  8  7  5 10]
 [ 9  7 12  2  5 14  0 11  4  8 10  1  3 13 15  6]
 [10 13  1  4 12  3  7 14  9  2  6 11 15  8  0  5]]
>>第22个box
[[ 0  9  3 15 12  5 10  6 14  7  4  2 11  8  1 13]
 [ 9  0  5 12 10  6  3 15  2 13  8  1  7 11 14  4]
 [ 5 12  6  9 15  3  0 10  8 11 13 14  2  4  7  1]
 [15  5 10  6  3  0  9 12  1  2  7  8 13 14  4 11]]
>>第23个box
[[15 12 10  0  6  5  3  9  2  1  7 13 11  8  4 14]
 [ 5  0 15 12  3 10  9  6 14  7  1 11 13  4  2  8]
 [ 1  2  6  5 12  9 10 15  7  4 11  8  0 14 13  3]
 [ 6 15  0 10  9 12  5  3  1  8 13  7 14  2 11  4]]
>>第24个box
[[12  7  6 11  0 13 10  1  5  9  8  2 14  4  3 15]
 [11 14  0 13  6  3  5  8 12  2  7  4  9 15 10  1]
 [ 2 13 12  0 11  7  1 14  8  6  3  5  4 10 15  9]
 [ 8 11  3  6  5  0 14 13 15  1  4 10  2 12  9  7]]
>>第25个box
[[14  3 13  0  1 12  4 15  2  9  7 10 11  5  8  6]
 [ 7  0  2  9  4  3 13 10 11 12  8  6  1 15 14  5]
 [ 5  8  3 14 12  2 10  4  9  7  0 13  6 11 15  1]
 [10 13  9  4  3 14  0  7  6 11 15  8 12  1  5  2]]
>>第26个box
[[12  2  1 14  6  5 11  8  0  9  7  4 10 15 13  3]
 [ 1 14 10  9 13  0  6  3 11  2  4 15  7 12  8  5]
 [ 6 13 11  8  1 14 12  2  5 10  0  7 15  9  3  4]
 [13  4  6  3 10  9  0 14  2  1 15  8 12  7  5 11]]
>>第27个box
[[12 10 15  0  9  5  3  6  7  1  8 13  4  2 14 11]
 [15  6  1 13  4  8 10  3  9 12  2  7 14 11  5  0]
 [10  9  6  3 15  0 12  5 13  4 11  8  2  7  1 14]
 [ 6  3 13  4 10 15  1  8  0  9 14  2  7 12 11  5]]
>>第28个box
[[ 6  0  3  5  9 10 12 15  8 13 14 11  2  4  7  1]
 [ 9 14  6  8 15  4 10  1  5  2  3 13 12 11  0  7]
 [15  6 10 12  3  9  0  5  4 11 13  1  8  7 14  2]
 [ 2  9  1 15  8  3 13  6 14  5  4 10  7  0 11 12]]
>>第29个box
[[10  5 12  6 15  0  9  3  4  2  7 11  1 13 14  8]
 [ 6 10 15  9  0 12  3  5  1  7  8  4 11  2 13 14]
 [ 5  0 10  3 12  9  6 15  8 11  4 13  7 14  1  2]
 [ 0  3  6 15  9 10  5 12 14  8 13  1  4  7  2 11]]
>>第30个box
[[ 5 11 12  6 10  0  3 13  2  7 15  1  9 14  4  8]
 [ 6  1  5  8  0  7  9  4 15  2 10 13 12 11  3 14]
 [12  5 10 15  7  9  0  6 11 14  1  8  2  4 13  3]
 [11  8  0  3 13  4  6 15 12  5  7 14  1  2 10  9]]
>>第31个box
[[ 3  9 15  5  8 14  4  2 12 10  0  6 11 13  7  1]
 [ 9  0 12 11  2  5  7 14 15  6 10 13  4  3  1  8]
 [13  4  1  8 14  7  2 11 10  3  6 15  5  0  9 12]
 [ 0 10  6  1  5 12 11  7  3  9 13  4  8 15 14  2]]
>>第32个box
[[ 8  7 14  0  5 12  2 11  6  9  1 15 10  3 13  4]
 [ 6 10  3 15 12  1  9  4 11  5 13  2  0 14  7  8]
 [ 2 13  4 10 14  0  8  7 12  3 11  5  1 15  6  9]
 [15  3 10 12  1  6  4  9  2 14  7 11 13  0  8  5]]
>>第33个box
[[14  8  9  3  2 15  5  6  7  4  0 10 12  1 11 13]
 [ 5  3  6 10 11  4  0 15  9 14 12  1  2 13  7  8]
 [13 14  2  9  4  3  8  5 10  7 15  0  1 12  6 11]
 [ 3  4  8 15 14  9 13  2 12 11  1  6  7  0 10  5]]
>>第34个box
[[ 3 10  4 13 15  0  8  7 14  9  1  6  2  5 11 12]
 [15  4  9 14 12  7  6 13  8  3  2  5 11  0  1 10]
 [ 8 15 13  3  4 10  7  0  2  5 11 12  1  6 14  9]
 [ 5  2  6  8 10  1  9 14 11 12 13  3  4 15  7  0]]
>>第35个box
[[12  1  0 13  5 14  6 11 10  4 15  2  9  7  3  8]
 [ 6 11 15  4 12  1  3  8 13  2 10  9  7 14  0  5]
 [ 5  6 14  1  2 11  8 13  3 10  9 12 15  0  4  7]
 [11 12  2 15  1  6  4  3 14  9  7  0  8  5 13 10]]
>>第36个box
[[15  9  0  6  5 12 10  3  1  4 14  8 11  2  7 13]
 [ 5 12 15  0  9  3  6 10  8 11  2 13  4 14  1  7]
 [ 3 15  6 10  0  9 12  5 13  8  1  7 14  4 11  2]
 [12  3  5  9 15 10  0  6 11 14  8  4  2  7 13  1]]
>>第37个box
[[15  2  6 13 12  7  3 14 10  1  9  4  5  8  0 11]
 [12  7 15  2  0 14  6 13  3  8  5 11  9  4 10  1]
 [ 2  5 13 10  7  9 14  0  1  6  4  3  8 15 11 12]
 [ 7 12  4  9 11  0 13  6  8 15  2  5 14  3  1 10]]
>>第38个box
[[15  4  9  3  6 10  0 13  5 11  2 12  8  1 14  7]
 [10 15  0 12  3  5 13  6  9  2  7 11 14  8  4  1]
 [ 4 13  3  0  9  6 15 10  8  1 14  7  2 11  5 12]
 [ 3 10 15  5  0  9  6 12  4 13  1 14  7  2  8 11]]
>>第39个box
[[ 9 14 12 11  5  0  2  7  6  8 10 13 15  3  1  4]
 [ 6 11  1  2 12  5 15  8  3  4 13 14  0  9 10  7]
 [ 5  0  2 14  9  7 12 11 15  3  1  8 10  4  6 13]
 [12  5 15  8  2 11  1  6 10  9  4  3  7 14 13  0]]
>>第40个box
[[ 8 14  2  1  4 13  7 11 15  9 12  6  3  0 10  5]
 [ 2  1  5 11 14  7  9 12  8  6 15  0  4 13  3 10]
 [14  4  7  8  1  2 11 13  5 10  9  3 15 12  0  6]
 [ 1  8 11 14 13  4  2  7  6 15  0  5 10  3 12  9]]
>>第41个box
[[ 3 13  8  2 14  4  5 11  9 10 15  1  0  7  6 12]
 [ 6  8  3  4  5 11 15  2 12  1  9 14 10 13  0  7]
 [ 4 14 11  5 13  3  2  8 10  9 12 15  7  0  1  6]
 [11  5 14  3  8  6  1 15  7 12  2  9  4 10 13  0]]
>>第42个box
[[13  8  6  5  1 14 10  3  7  4 12 15 11  2  0  9]
 [14  4  0  3  7  9 13 10  1  2 11 12  8 15  6  5]
 [ 2 13  8 11 14  7  5  0  9 10 15  6  4  1  3 12]
 [ 5 14  3 13  9  4  0  7 10  1  6 11 15  8 12  2]]
>>第43个box
[[ 3  0 15  6  9 10  5 12 14 11  2 13  4  7  8  1]
 [ 5  6  9 12 15  3 10  0 11 13  4  2  8 14  1  7]
 [ 0 15  3  5 10  9 12  6  7  2 14  8  1  4 11 13]
 [ 6  5 12 10  3 15  0  9 13  8 11  1 14  2  7  4]]
>>第44个box
[[12  7  6  8 15  1  9  2  5 14  3 13  0 11 10  4]
 [10 13  9  7  6 11  0 14 12  1  5  2 15  4  3  8]
 [ 7 10 13  3  8  6  4  9  2  5 14  0 11 12  1 15]
 [13  6  4  9 11 12 14  0  7 10  2  5  1 15  8  3]]
>>第45个box
[[ 4 10  7 12 11  0  1  6  3 15 13  2  8  5 14  9]
 [ 1 15  4  2  7 12 10  9 13  3 14  8 11  6  0  5]
 [ 7 12 11  0  1  6  4 10 14  9  8  5  2 15 13  3]
 [ 2  9  1  7  4 10 15 12  8  5 11 14 13  3  6  0]]
>>第46个box
[[13  7  8  2 14  9  1 12  4 11 15  5  3  0 10  6]
 [ 8  4  2 11  5 14 15  1  3 13  9  0 12  7  6 10]
 [ 0 12 11  1 13  7  6 10 15  5  2  8  4 14  9  3]
 [15  1  5 14  0 11 10  4  6  8 12  7  9  2  3 13]]
>>第47个box
[[ 0 15  6  1 13  8 11  4 10  9  5  2  3 14 12  7]
 [ 3  6  9 10 14  1  4 13  5  0 15 12  8  7  2 11]
 [15 10  1  4  8 13  6  3 12  7  2 14  5 11  9  0]
 [ 4  1 14 13  3  6  9 10  2 11  8  7 15  0  5 12]]
>>第48个box
[[12  2  6 13 15  4  0 11  5  8 10  1  3 14  9  7]
 [ 3 14 10  4  0  7  6 13  9  2 15  8 12  1  5 11]
 [ 7  9  8  6  4 10 11 12  2  5  1 15 13  3 14  0]
 [13  0  7 10 11 12  8  6 14  9  4  3  1 15  2  5]]
>>第49个box
[[ 1  4 13 10  8 15  2  9 14  3  0  6 11  5  7 12]
 [10  1  0 15  3  6  9 12  7 14 11  5 13  8  4  2]
 [ 4 11  8  7 13  2  1 14  9  5 15  0  6 12 10  3]
 [15 12  5  0  6  9 10  3  4 11  2 14  8  7  1 13]]
>>第50个box
[[ 5  0 14 11  3  6  9 12  8  7  2  1  4 13 15 10]
 [ 0  3  5  6 10 12 15  9 13 14 11  8  1  2  4  7]
 [12  9 11 14  0  5  7  2  6 10  8  4 13  3  1 15]
 [ 6 15  0  3  9 10 12  5 11  1 13 14  7  4  2  8]]
>>第51个box
[[ 3 14 10  1  9  4 12  7 15  2  5  8  0 13  6 11]
 [14 11  9  4  2  8  7  1  3  5  0 15 13  6 10 12]
 [ 4  3 13 10 14  9 11 12  2 15  8  5  7  0  1  6]
 [ 8 13  2  7  4 14  1 11  5  6 15  9 10  3 12  0]]
>>第52个box
[[ 5 12  6  9 15 10  3  0  8  1 11 14  2 13  4  7]
 [ 3  9  8  2  6 12 15  5  4 14  1 11 13  7 10  0]
 [ 6  5 12 15 10  9  0  3 13 11  2  8  1  4  7 14]
 [ 9 15  2  1  5  6 12 10 14  4  7 13 11  8  0  3]]
>>第53个box
[[ 4  8 13  2  1  7 14 11 10 15  3  5  6 12  9  0]
 [13 11 10  7  4 14  3  0  1  2  6 12  8  5 15  9]
 [ 7 13 14 11  8  4  1  2  9  3  0  6  5 10 12 15]
 [ 2  1  9  4  7  8 12 15 14 13  5 10 11  6  0  3]]
>>第54个box
[[11 14  4  2  7  8 13  1  6  3 15  9  0  5 10 12]
 [ 1  2  8  4 11  7  6 13 10  5  3 14 12  9 15  0]
 [13 11 14  1  4  2  8  7  3  0  5 15 10 12  6  9]
 [14  8  7 13  2  4  1 11  9  6  0  3 15 10 12  5]]
>>第55个box
[[11 14  4  7  8 13  2  1  5  0  3  9 15  6 12 10]
 [ 4  8 14 11  7  1 13  6 15  3  5  0  9 10  2 12]
 [13  4  7  2  1  8 11 14  3 10 12  5  6 15  0  9]
 [ 7 11 13  1 10  6  4  8 12  5  0 14  3  9 15  2]]
>>第56个box
[[12  9 15  3  0  6  5 10  1  4  8 13 14 11  2  7]
 [ 1  6  4 15 11  0 14  3  2  9 13 10  8  5  7 12]
 [15  3  0  6 10  5 12  9  4 13  7  8  1  2 11 14]
 [ 6 13 10  1  5 11  3  4  9 14  0  7 15  8 12  2]]
>>第57个box
[[14  2 13  8  4 11  1  7  9 12 10  6  3  5 15  0]
 [ 4  1  3  6  8 13 15 10 14 11  9 12  5  2  0  7]
 [ 1 13 14  2  7  8 11  4 12  3  0 15  9  6  5 10]
 [13 10  4  9  1  6  8  3  7  0 14  5  2 15 11 12]]
>>第58个box
[[15  6  3  0  4 13  8 11 12  9 10  5  7  2  1 14]
 [ 9  5  0 14 15  3  6  8  7  2 12 11  1 13 10  4]
 [ 4  3  8  6 13  0 11 12  2 15  1 10 14  5  7  9]
 [ 2 15 14  9  8  5 13  3  1 12  7  0 11  6  4 10]]
>>第59个box
[[15 12  4  7 10  1  9  2  5  0  8 11  6 13  3 14]
 [ 0 11  3  8  9 14 12  1 10  7 15  4  5  2  6 13]
 [ 9 15  7  1 12  2 10  4  3  6 14 13  0 11  5  8]
 [12  1  9 14  0 11  3  8  6 13  5  2 10  7 15  4]]
>>第60个box
[[ 6  8 10 13 15  3  1  4  0 11 12  2  9  5  7 14]
 [11  7  1 14  4  8 13  2  6 12 15  9 10  3  0  5]
 [10  3 15  6  1 13  4  8  9  5  0 12  7 11 14  2]
 [ 7 13  4  8  2 11 14  1 10  0  9  3 12  6  5 15]]
>>第61个box
[[ 4  7  9 14 15  8  2 11 13  0  6  5 10  3  1 12]
 [ 2 14  5  9 12  3 15  4  8  7 11  0  1 13  6 10]
 [ 8 13  4  1  2 14 11  7  6 10  3 15  5  9 12  0]
 [14  2  3 15  9  5  4  8  1 12 13 10  6  0 11  7]]
>>第62个box
[[ 6  8  3  4 13  1 10 15  5 11 14  2  0  7  9 12]
 [11  4  8 14  1 13  6  3 12  7  2  9 15 10  5  0]
 [15  6 10 13  3  8  4  1  0  5  9 14 12 11  7  2]
 [ 4 13  1  8 14  3 11  6 15 10 12  7  5  0  2  9]]
>>第63个box
[[14  0  7 12  8  6  4 10 13  3 11  5  2  9  1 15]
 [13 10 11  5  1 15  2 12  4  9  8  6 14  3  7  0]
 [ 3 14  9  7  5 11 15  4  0 13  6  8 12  2 10  1]
 [10  7 12 11  6  1  9  2 15  4  3 13  5  8  0 14]]
>>第64个box
[[ 3 14 13  7 10  4  0  9 12 11  1  2  6  8 15  5]
 [13  2  8  1  4 15  7 12  3 14  6 11  9  5 10  0]
 [ 9  3  4 10  7 13 14  0 15  5  2 12  1 11  8  6]
 [14  4 11 13  2  1  8  7  5  9 12  0 15  6  3 10]]
>>第65个box
[[ 7  0  2 15  4  9 13  6 11 12 14  3  1 10  8  5]
 [ 9  3  7  4  2 15 14  8  0 10 11 13 12  1  5  6]
 [ 2 15  4  9 13  6  7  0 14  3  8  5 11 12  1 10]
 [15  9  8  2  1 12  4  7  3  5 13 14  6 11 10  0]]
>>第66个box
[[11 13  2  8 14  4  1  7  6  0  9  3  5 10 15 12]
 [ 2  8  7  1 11 13  4 14  5 15  0  6 12  3 10  9]
 [ 1  2  8 11 13  7 14  4 10  5  6  0  3 12  9 15]
 [ 7  1  4 14  2  8 11 13 12 10  3  9 15  5  0  6]]
>>第67个box
[[ 7  8 10  5  9  3  4 14  1 11 15  0 12  6  2 13]
 [ 4 14 15  0  2  9  1  7  8  5  6  3 11 12 13 10]
 [ 8  5  4  3  7 10 14  9 13  0  2 12  1 15 11  6]
 [ 2  9  1  6  4 15  7  0 11 12  8  5 13 10 14  3]]
>>第68个box
[[ 6 11 15  8  3 13  0 14  5  2  9  4 10  7 12  1]
 [10  6  1 13  4  8 15  3  9  5 14 11  7  2  0 12]
 [11  5  0 14 13  3  6  8 12  9  7  2  1  4 10 15]
 [12 10  6  3 11  4  1 13  2 15  8  5 14  9  7  0]]
>>第69个box
[[ 9 14  0  7 10  4  6 13  5  2  3 12 15  1  8 11]
 [ 3 13 10  4 12  7 15  1  6 11  9  2  0 14  5  8]
 [ 4  9 14  0  7 10 13  3 15  5  8 11  2 12  1  6]
 [13  3  7  9  1 12  4 10  8  6 14  5 11  0  2 15]]
>>第70个box
[[ 9  6 14  1  7 13  0 11  5  8  3 15 10  4 12  2]
 [ 5  0  2 11 12  7  9 14 15  6  4  1  3  8 10 13]
 [ 6 13  1  7  8 11 15  0 10  4 12  2  5 14  3  9]
 [11  7 12  0  5 14  2  9  6 10  1 13  8  3 15  4]]
>>第71个box
[[ 0  9 11  2  5 12 14  7 10  3  1 13 15  6  4  8]
 [11 12 14  7  0  9  5  2  1 15 13  8  6  3 10  4]
 [ 7 14 12  9  2  5 11  0 13  4  6 10  1 15  8  3]
 [12  7  5  0 11 14  2  9  6  1  3 15  8  4 13 10]]
>>第72个box
[[ 5  0  8  7  6 13 15 10  3 12 14 11  9  2  4  1]
 [ 3 10 14  4 13  1  8  7  6  5  9  2  0 11 15 12]
 [ 6  9  1 14 12  3 10  4  0 15 11  5  7  8 13  2]
 [13  4 11  1  2  8  7 14 10  3  6 15 12  5  0  9]]
>>第73个box
[[ 6  3  8  4 11 14  1 13  9  5  2 15 12  0  7 10]
 [ 8  6 14  3  2  5 13 10  7 12  4  9  1 15 11  0]
 [ 3 14  6 13  0 11 15  4 12  2  5  8  9  7 10  1]
 [14 13  5 10  9  6  2  1  0 11  3  4 15  8 12  7]]
>>第74个box
[[ 4 11  7 13  9 14 10  0  1  8 12  6  2  5 15  3]
 [15 12 10  0  6  5  9  3  8  2  7 11  1 14  4 13]
 [ 3  4 13  2  0  7  6  9 14  1 11 12  5 10  8 15]
 [10  9  0 15  3 12  5  6  4 14 13  2  8  7 11  1]]
>>第75个box
[[10  4  5 11  0  7  6 13  3 14  9  2 12  1 15  8]
 [ 0 15 12  2  7  1 11  4  6  8 10 13  9 14  5  3]
 [ 7  9 11  6 14  0 13  3  8  5  2 12  1 10  4 15]
 [11  5  7  9  2 12  8 15  1  6 13 10  4  3 14  0]]
>>第76个box
[[ 3 10  6  0  9 15  5 12 13  7  8 14  2  4 11  1]
 [10  3 12 15  6  5  0  9  4 13  1  2 11  8  7 14]
 [15  5  9 12  3 10  6  0  2 11 14  7  4  1  8 13]
 [ 6  0 10  5 12  3  9 15  8 14  7 11  1 13  4  2]]
>>第77个box
[[ 7 10 11 12  2  9 14  5  8  6 13  0  1 15  4  3]
 [12 15  0  3 11  4  7  8  6  5 10  9 13  2  1 14]
 [11  5  7  9 14  2  0 12 13  3  1 15  4  8 10  6]
 [ 5  8  9  4  0 13 12  7  3 14 15  2 10  1  6 11]]
>>第78个box
[[ 6  1  0  7 13 10  3 12  5 15 11  4 14  9  8  2]
 [ 1 10  7  0  2 15 12  5 11  4 13 14  8  3  6  9]
 [ 0 14  6  8 10  5 13  3 12  9  1 15  7  2 11  4]
 [12  5 10 15  1  2  7  8  0  3  6  9 11  4 13 14]]
>>第79个box
[[ 9 15  4  1 14  8  7  2  0  6 13 11  3  5 10 12]
 [ 4  3  8 15  1  6 11  5 13 10  2 12 14  9  7  0]
 [12 10  7  4  2  1  9 15  5  0 11 13  8 14  6  3]
 [ 1  4 11  8 12 15  6  3  2 13 14  7  5  0  9 10]]
>>第80个box
[[12 15  3 10  0  6  9  5  2  8 14  7 13  1  4 11]
 [ 5 10  6 12  9 15  0  3  8  1 11  2  7  4 13 14]
 [ 9  3 10  0 12  5 15  6  7 14  4 13  1 11  2  8]
 [ 3 12 15  6  5  9 10  0  4  7  2 11  8 14  1 13]]
>>第81个box
[[ 5 15 14  9  3 12  0 10  8  4 11  7 13  2  6  1]
 [ 0 10 11 12  5  3  6 15  7  9  1  2  8 14 13  4]
 [10 12  0  3  9  5 15  6 13  2  7 14  4  8  1 11]
 [ 9  5 12 15  6  0 10  3  4 14  2  8  1 11  7 13]]
>>第82个box
[[ 2 14 15  9  4  3  8  5 11  0  1  6 13 10  7 12]
 [11  7  6  0 13 10  1 12 14  9  8 15  2  5  4  3]
 [14 13  9  2  3  4  5 11  0  6  7  8 10 15 12  1]
 [13 11  0 12 10  7  6  1  3  5 14  2  4  8  9 15]]
>>第83个box
[[11 14  1  7  2  9  8  4 12  0 10 13  5  6 15  3]
 [ 8  1  4 11 13 14  2  7 15 10  9  0  6  3  5 12]
 [13  2 11 14  4  7  1  8  6 12  5  3  9  0 10 15]
 [14  4  2  1 11  8  7 13  3 15 12 10  0  5  9  6]]
>>第84个box
[[ 6  9  3 15 13  2 10  4 11 14  5  8  0  7 12  1]
 [ 5  3 15 10  6 12  0  9 14  4  8  1 13 11  7  2]
 [10  4  9  2  3 13  6 11 12  1  0  7 15  8  5 14]
 [ 9 10  0 12 15  6  3  5  2 13  7 11  4  1 14  8]]
>>第85个box
[[13  4  0 11  3 14 10  7  1  2  6 12  8  5 15  9]
 [ 0 14  9  4 15  1  3  8 10 13  5  2  6 11 12  7]
 [10  7  3  0 13 11  4 14  6 12 15  9  1  2  8  5]
 [ 7  9  4 15  8  6 14  3 13  0  2  5 11 12  1 10]]
>>第86个box
[[15  9  0 12 10  5  6  3  2  7 13 11  4  8  1 14]
 [10 12 15  6  5  0  3  9 13  1  2  8 11  7 14  4]
 [ 3  6  5 10 12 15  9  0 14 11  8  7  1  2  4 13]
 [ 0  3  6 15  9 12 10  5  7  4 11  2 14  1 13  8]]
>>第87个box
[[ 7 10  9 12  2  5 14  3  1  6 15  0  8 11  4 13]
 [ 0  5 10 15  7  2 13  8 14 11  9 12  4  1  3  6]
 [12  3  0  9  5 14 11  4  6 13 10  7 15  2  1  8]
 [ 5  8 15  2 10 13  0  7  9  4 12  1  3 14  6 11]]
>>第88个box
[[ 7  0  8 13  4  3  1 10 14  9  5  6  2 15 11 12]
 [10  3  6  8  1 15 13  4  9 12  0  5 14  2  7 11]
 [ 0 11 15  2  9  4  6 13  3 14 10  1  5  8 12  7]
 [ 6 13  1  4 15  8 10  3 12  2  7 11  9  5  0 14]]
>>第89个box
[[14  3  2 15  1 10 13  4 11 12  5  0  6  9  8  7]
 [ 2 12 11  0  4  3  7  9 13  6 14  5  8 15  1 10]
 [ 0 15 13  8  7  4 10  1 12  5  6 11  9  2  3 14]
 [12  1  6 13 11 14  0  7  3 15  9  2  5  8 10  4]]
>>第90个box
[[13 14  7  4 10  1  0 11  6  9  8  2  3 15  5 12]
 [10  9  0  3 15 12  5  6 13  7 11 14  4  2  8  1]
 [14  5  4 10  1  6 11  0  9  2  3 13 15  8 12  7]
 [ 9 15  3  5 12  0  6 10  4  1 14  8  2  7 11 13]]
>>第91个box
[[11  5 14  8  1  2  4 15 12 10  0  3  7 13  9  6]
 [ 6  8  0  5 10 15  9  2  1  4 11 14 12  3  7 13]
 [ 5  2  8 15  6  9  3 12 10  1  7  4 13 14  0 11]
 [10  1  5  2 15 12  6 11  4 14  8  7  3  9 13  0]]
>>第92个box
[[11  0  4 10  2 12  7  9  1 15  8  5 13  6 14  3]
 [ 5 14 10  7 12 11  9  4  6  1 15  2  0 13  3  8]
 [ 4  9 11  0  7 10  2 12  8  6 13  3 14  5  1 15]
 [14  3  7 12  1  6  4 15 13 10  2  9 11  0  8  5]]
>>第93个box
[[ 1 11 10  5 15 12  6  0 13  7  4  9  8  2  3 14]
 [ 4 14  7 11  1  2  8 13  3  9 10 12  6 15  5  0]
 [ 6  0  9 12  5  3 15 10 11 13  7  2 14  8  4  1]
 [11 13 14  1  2  8  4  7 12  3  0 15  5  6  9 10]]
>>第94个box
[[ 3  0  6 12 10  5 13 11 15  9  8  7  1  2  4 14]
 [ 9 10  5  3  0  6 14 13  2  4 11  8 12 15  7  1]
 [12 15 11  1  5 10  0  6  9  3  7  4  2 13 14  8]
 [ 0  6 14 13  9  3  5 10 12 15  2  1  7  8 11  4]]
>>第95个box
[[10  4  3 13  0 11 15  2  6  8  9  7  5 14 12  1]
 [ 6  1 10  7  9 14  0 13  5 11  3  4 12  2 15  8]
 [ 4 10  8  6 11  5  2 12 13  3  7  0 14  9  1 15]
 [ 1 15  7 10 14  3 13  0 11  6  4  9  2 12  8  5]]
>>第96个box
[[15  8  1  2  4 13 10  7 12  3  6  9 11 14  5  0]
 [ 2  7 11  8 13 14  4  1  9  0 12 15  6  5  3 10]
 [ 4 15  2  1  7 10  9 12 11  5  8 14 13  0  6  3]
 [13  1  4 14  8  7  2 11  0 10 15  5  3 12  9  6]]
>>第97个box
[[13 14  4 11  1  8  2  7  0  5  3  6 12 15  9 10]
 [11  4  1 14 12  2  7  9  6 15 13  8 10  5  0  3]
 [ 8  1  2  7 11  4 13 14 15 12  9  0  6 10  3  5]
 [14 11  8  1  7 13  4  2  5  0  6 15  9  3 10 12]]
>>第98个box
[[ 4  8 11  5  2 15 13  3 10  7  6  0 12  9  1 14]
 [ 3 13  5 11 14  2  8  4  9 10 12  6  0 15  7  1]
 [ 8  6  4 10 13  1  2 15  5 11  9  7  3 14 12  0]
 [15  3  2  4  8 14  5  9  0  6  7 10 13  1 11 12]]
>>第99个box
[[ 2 13  8  3 15  4  5 14  7 10  1  6 12  9 11  0]
 [13 11  3  5  4 14  8  2 10  0 15 12  1  7  6  9]
 [14  2  5  8  3 13  0 11  4 15 10  1  9  6  7 12]
 [ 7  1  0 15 14  8 11  4  9  6  5 10  2 13 12  3]]
>>第100个box
[[ 4  1  3 12 10 15  9  6 11  2  0  7  5  8 14 13]
 [11  6  5 10  0  3 12 15  7  8  9  4 14 13  2  1]
 [ 1  4 12  3 15  9  6 10  2 13  5 14  8  7 11  0]
 [12 10  0  6  3  5 15  9  1  4 14 11 13  2  8  7]]
检测结果
[True, True, True, True, True, True, True, True, True, True, True, True, True, True, True, True, True, True, True, True, True, True, True, True, True, True, True, True, True, True, True, True, True, True, True, True, True, True, True, True, True, True, True, True, True, True, True, True, True, True, True, True, True, True, True, True, True, True, True, True, True, True, True, True, True, True, True, True, True, True, True, True, True, True, True, True, True, True, True, True, True, True, True, True, True, True, True, True, True, True, True, True, True, True, True, True, True, True, True, True]
