>>第1个box
[[ 4  1  9 12  2  7 15 10 13  8  3  5 14 11  0  6]
 [ 9 14  3  0 12 11  6  5  7  2 10 15  1  4 13  8]
 [ 7 12  2 15  1 10  4  9  8  5 13  6 11  0 14  3]
 [14  0  4  9 11  5  8  6  1 12  7 10 13  3  2 15]]
>>第2个box
[[ 2  7  1  8 11 14  4 13 12 10  6 15  5  9  3  0]
 [12  2 11 14  1  8  7  4  3 15  0  9  6  5 13 10]
 [13  4  2 11  8  7  1 14  6  9  5 12 15  0 10  3]
 [11 13  7  1 14  4  8  2  5  0  9 10  3 15  6 12]]
>>第3个box
[[ 9 14  7 13 10  1  4  2  6  0  8 11  3 12 15  5]
 [ 4  3  2  8 13 14 11  5  9 10 15  1  0  7  6 12]
 [14  8 11  7  4  2 13  1  0  6  5 12 15  9  3 10]
 [11  4 14  2  1 13  7  8  5  9  3 15 12  0 10  6]]
>>第4个box
[[ 5 11  6  8  9  2  0 14  3 13 15  1 12  7 10  4]
 [ 8 14 13  2  4 11  3  5 15  1  0  7  9 12  6 10]
 [14  5 11  6  2 12  7  9 13  0  8 15  1 10  4  3]
 [ 4  9 14  5 13  0  8  3  1  6  7 10  2 15 11 12]]
>>第5个box
[[ 4  3 11  5 14  9  7 12 13  0  2 15  8  6  1 10]
 [ 7 12 14  0  9  5  2 11  1  6  4  3 15 10  8 13]
 [11 14 12  3  7  4  0  9  8 13  5 10  2  1 15  6]
 [12  0  7  9  2 14 11  5 15  3 10  4  1 13  6  8]]
>>第6个box
[[ 5  9 15 12 10  3  0  6  2  4  8 11  1 14  7 13]
 [ 0 10 12  5  3  6  9 15 11 13  7  2  8  1 14  4]
 [15  0  9  6 12  5  3 10  8 14  4  1 11  2 13  7]
 [ 6 15  3 10  0 12  5  9 13  1 14  4  7 11  8  2]]
>>第7个box
[[ 1  4 12  3  7 10  2 15 11 14  6  9 13  0  8  5]
 [ 4 15  1 10  2 12 14  5 13  0  8  3 11  6  7  9]
 [ 7  8 10 15  9  6  4  1 14  2  0  5  3 12 13 11]
 [ 9  2 15  4 12 11  3  8  0 13  5 14  6  1 10  7]]
>>第8个box
[[ 6 13 15  4  3  8  0 11  1 14 12  9 10  5  7  2]
 [ 1  6  8  3  4 13 15  0 12 11  5 14  9  2 10  7]
 [13  3  2 15  8  6 11 12 14  5  7  0  1 10  4  9]
 [14  5 13  6  1 10  2 15  3  8  0 11 12  7  9  4]]
检测结果
[True, True, True, True, True, True, True, True]
